30,34
30,33
30,32
30,31
30,30
30,29
30,28
30,27
30,26
30,25
30,24
30,23
30,22
30,21
30,20
30,19
30,18
30,17
30,16
30,15
30,14
30,13
30,12
30,11
30,10
30,9
30,8
30,7
30,6
30,5
30,4
30,3
14,7
0,267
0,469
0,6
0,471
0,268
0,472
0,264
0,466
0,266
0,468
0,265
0,470
0,261
0,463
0,263
0,465
0,262
0,467
0,258
0,460
0,260
0,462
0,259
0,464
0,255
0,457
0,257
0,459
0,256
0,461
0,252
0,454
0,254
0,456
0,253
0,458
0,249
0,451
0,251
0,453
0,250
0,455
0,246
0,448
0,248
0,450
0,247
0,452
0,242
0,446
0,245
0,320
0,244
0,449
0,239
0,443
0,241
0,445
0,240
0,447
0,236
0,440
0,238
0,442
0,237
0,444
0,233
0,437
0,235
0,439
0,234
0,441
0,230
0,434
0,232
0,436
0,231
0,438
0,227
0,431
0,229
0,433
0,228
0,435
0,224
0,428
0,226
0,430
0,225
0,432
0,221
0,425
0,223
0,427
0,222
0,429
0,218
0,422
0,220
0,424
0,219
0,426
0,215
0,419
0,217
0,421
0,216
0,423
0,212
0,416
0,214
0,418
0,213
0,420
0,209
0,413
0,211
0,415
0,210
0,417
0,206
0,388
0,208
0,411
0,207
0,414
0,203
0,410
0,205
0,387
0,204
0,409
0,200
0,306
0,202
0,408
0,201
0,308
0,197
0,407
0,199
0,304
0,198
0,302
0,194
0,406
0,196
0,405
0,195
0,404
0,63
0,403
0,193
0,402
0,192
0,401
0,60
0,400
0,62
0,399
0,61
0,398
0,57
0,397
0,59
0,396
0,58
0,395
0,54
0,394
0,56
0,393
0,55
0,392
0,51
0,283
0,53
0,391
0,52
0,316
0,48
0,312
0,50
0,315
0,49
0,313
0,45
0,278
0,390
0,47
0,314
0,46
0,389
30,52
30,51
30,50
30,49
30,48
30,47
30,46
30,45
30,44
30,43
14,6
30,42
30,41
30,40
30,39
30,38
30,37
30,36
30,35
30,2
30,0
230,4
230,3
230,2
230,1
230,0
229,4
229,3
229,2
229,1
229,0
228,4
228,3
228,2
228,1
228,0
227,4
227,3
227,2
227,1
227,0
226,4
226,3
226,2
226,1
226,0
225,4
225,3
225,2
225,1
225,0
224,4
224,3
224,2
224,1
224,0
223,4
223,3
223,2
223,1
223,0
222,4
222,3
222,2
222,1
222,0
221,4
221,3
221,2
221,1
221,0
220,4
220,3
220,2
220,1
220,0
219,4
219,3
219,2
219,1
219,0
218,4
0,478
0,477
218,3
218,2
218,1
218,0
217,4
217,3
217,2
217,1
217,0
216,4
216,3
216,2
216,1
216,0
215,4
215,3
215,2
215,1
215,0
214,4
214,3
214,2
214,1
214,0
213,4
213,3
213,2
213,1
213,0
212,4
212,3
212,2
212,1
212,0
211,4
211,3
211,2
0,476
211,1
211,0
14,9
210,4
210,3
210,2
210,1
210,0
209,4
209,3
209,2
209,1
209,0
208,4
208,3
208,2
208,1
208,0
207,4
207,3
207,2
207,1
207,0
206,4
206,3
206,2
206,1
206,0
205,4
205,3
205,2
205,1
205,0
204,4
204,3
204,2
204,1
